1000
1 419610
1 4108603
1 1719583
1 9149732
2
1 499914
2
1 445199
1 9142600
1 7536477
1 109031
1 2678638
1 5708456
1 3612365
1 5647119
1 6374122
2
1 4437923
1 7707870
1 6350753
2
1 6067228
1 1166941
2
1 4855124
1 3905582
1 6377459
1 6120868
1 5960453
1 4479144
1 1197935
1 2871230
1 4107245
1 6366205
1 9344066
1 5440561
1 938483
1 538552
1 6730428
1 3539704
1 9515702
1 5279418
1 8375710
1 7698256
1 2342608
1 9418194
1 9807725
1 9790057
1 3679591
1 2320821
1 1525206
1 1839607
1 2684052
1 7082668
1 6455324
1 7852574
1 9281590
1 192619
1 1921859
1 9008867
1 5707197
1 7294150
1 54447
1 4418934
1 2997281
1 1785277
1 5007072
1 8517169
1 2564217
1 2710343
1 8897858
1 5438436
1 1876828
1 5159230
1 4041154
1 1321324
2
1 1161193
1 8937326
1 2154051
1 9224173
1 8852897
1 7099076
1 9047886
1 3374754
1 6693979
1 6264956
1 8683481
1 4159166
1 5672134
2
1 9872386
1 1191066
1 987737
1 527021
1 1188789
1 4672073
1 3594297
1 9580513
1 4076817
1 6829332
1 1626229
1 5944126
1 7835373
1 908841
1 1651177
2
1 1833230
1 3191175
1 2351868
1 4673212
1 1264748
1 9232926
2
1 9069560
1 1564689
1 3965789
1 8147706
1 6728339
1 2762152
1 6550190
1 7633773
1 9324245
1 8164991
1 4977931
1 981186
1 9096526
2
1 841248
1 8436429
1 8910817
1 8519948
2
1 9983032
2
1 6774229
1 9557567
1 9974376
2
2
1 9482934
1 4374922
1 5271130
1 6640184
1 5033115
1 1217071
2
1 9445465
1 1229110
1 8487336
1 5855396
1 4098412
1 2646552
1 9113685
1 8874152
2
1 5022741
1 1737893
1 2253031
1 1795765
1 2607983
1 3533779
1 3415796
1 4428914
1 4213115
1 852264
2
1 4641923
2
1 2194789
1 4394880
1 7412769
1 7175395
1 1876932
2
1 2500715
1 6194416
1 2484601
1 701771
1 669324
1 3524499
1 1724590
1 9393286
1 6817881
1 2592974
1 3971793
1 2970445
1 415846
1 5573147
1 6907400
1 4163555
1 1813543
1 649691
1 3731818
1 7722606
1 3818418
1 3240180
1 4674183
1 4682940
1 8546409
1 8996207
1 463060
1 4382463
1 4453786
2
1 5799667
1 5262632
1 8580255
1 9673542
1 744682
1 28374
1 9033725
1 3305700
1 1173965
1 5539837
1 2090865
1 5038571
1 6851696
1 4960271
1 3218542
1 6361002
1 2919694
1 5049101
1 6810
1 3526280
1 9730529
1 5406444
1 7418210
1 8576076
1 2846949
1 4761145
1 5623525
2
1 3940441
1 3768844
1 2472189
2
1 7971465
1 1221854
1 9658155
1 6442089
1 4093379
1 93026
1 1788238
1 3671545
1 8689889
1 9351717
1 2036059
1 7795419
1 9377210
1 7425149
1 8468772
1 9191766
1 2670226
1 7963715
1 4147994
1 4652512
1 8745959
1 4013879
1 1299954
1 3934149
1 5363836
1 1351868
1 3879923
1 2563646
1 1077581
1 5551268
1 6975534
2
1 6534336
1 9799226
1 327691
1 9658481
1 98919
1 5009888
1 7030010
1 9162579
1 3700025
1 4579094
1 486955
1 6783308
1 7841505
1 8961107
2
1 9468926
1 1408404
1 2276659
1 3048907
2
1 3551070
1 5662319
1 6360682
1 7072684
1 1374158
1 9049949
2
1 3761823
1 675419
1 4148725
1 341919
1 4002120
1 1919136
1 3656838
1 4299055
1 2815034
1 1921542
1 2747534
1 1813596
1 5233774
1 6296605
1 3327421
2
1 4074336
1 5059717
1 2030966
1 9494772
1 5825112
1 6217147
2
1 212267
1 8224219
1 6076506
1 7713146
1 7306261
1 8753457
1 4531230
1 9029043
1 7799287
1 9940074
1 4118725
1 1453962
1 7563202
1 7796514
1 6358385
1 8293086
1 3050766
1 5952975
1 5709938
1 4635017
1 8667566
1 1436347
1 6818732
1 4031966
1 8234615
1 289293
2
1 4081983
1 9756883
1 9285735
1 7138769
1 9233986
1 7612582
1 4217853
1 3231028
1 8990305
1 3106298
1 8123504
1 9891626
1 8801946
1 1686548
1 4970190
1 3010529
1 8961299
1 763626
1 9283822
1 2118618
1 8235577
1 205779
1 7875173
1 5716097
1 861958
1 8014965
1 1096280
1 1242892
1 899411
1 9442881
1 1429098
1 1987287
1 6982241
1 3786401
1 6381684
1 7427625
1 9873813
1 5123430
1 1010496
1 1664863
1 3486102
1 4440025
1 2634980
1 9260893
2
2
1 9962498
1 547605
1 4743227
1 7617381
2
1 4438490
1 9895027
1 3318855
1 9136240
1 2499627
1 2386328
2
1 5160869
1 9549709
1 7367772
1 5101803
1 4567533
1 8284509
1 668752
1 5407658
1 433940
2
1 9650239
1 348050
1 4521644
1 2939212
1 7419378
1 3044882
1 7312936
1 8249789
1 7885465
1 5591986
1 1754894
1 5533187
1 8312590
1 6718473
1 9229089
2
2
1 1944841
1 6780932
1 19311
1 9103209
1 909393
1 6069650
1 8363326
1 865901
1 9214376
1 4832327
1 8132114
1 4014745
1 5213522
1 9265241
1 3769851
1 1903561
1 1970754
1 2583206
1 4896624
1 4587308
1 8094999
1 4089126
1 2426689
1 8526867
1 2290229
1 4634662
1 6961578
1 8518424
1 43037
1 5008935
1 9729499
1 8214801
1 7491822
1 5790218
1 9117243
1 5398528
1 4006492
1 3918527
1 6891662
2
1 6395997
1 2551903
1 621086
1 9901584
1 1683838
1 7387112
2
1 257489
1 6878299
1 2589751
2
1 4446344
1 6668663
1 5512415
1 8952696
1 5312692
1 8186400
1 602286
1 3938791
1 4821419
1 1516313
1 1651601
1 1686231
1 5024207
1 771600
1 941524
1 6288789
1 4096953
1 9494697
1 3020853
1 1324869
1 6418028
1 4040453
1 9783753
1 7736811
1 7710313
1 157662
1 7805654
1 9170395
1 7410995
1 9857817
1 7118722
1 7664433
1 3342306
1 8106886
1 6398231
1 9643743
1 4953150
2
1 6640518
1 9494713
1 822825
1 8333700
1 4801541
1 3860745
1 5910964
1 3189885
1 2294774
1 661401
1 7395785
2
1 2204724
2
1 6970985
1 2217273
1 6138070
1 4572250
1 4311242
1 8084065
1 4951651
1 5682698
1 7857296
1 2361510
1 3785186
1 6667458
1 9350154
1 6619862
2
1 7630043
1 4398338
1 6232293
1 3922880
1 9418852
1 3713925
1 7789116
1 5069909
1 1957497
1 624315
1 8264869
1 3939290
1 2276065
1 6224540
1 9062926
1 2592464
1 1661307
1 6847048
1 4693260
2
1 7438733
1 3961312
1 1666893
1 6162857
1 6017548
2
1 2049499
1 7628891
2
1 358318
2
1 2112652
1 3442778
2
1 3475523
1 3909069
1 2475548
1 9998912
2
1 2427461
1 9063311
1 2927575
1 432519
1 6010308
1 3991829
1 264762
1 879109
1 7062546
1 1066326
1 6074006
1 1829622
1 3716988
1 727544
1 8748499
1 522621
2
1 6738019
1 1811298
1 7441741
2
2
1 1101965
1 9820789
1 5455706
1 8901266
1 8481739
1 1663938
1 1919549
1 9249870
1 3607488
1 3833486
1 7608449
1 1595275
1 5243275
1 6279729
1 7956894
2
1 1564141
1 6251976
1 9334352
2
1 9423483
1 2050700
1 7095702
1 863121
1 5242022
1 9695863
1 2595941
1 3762204
1 5873938
1 6166651
1 4673599
1 7199311
1 9340543
2
1 4487028
2
1 5183902
1 5889195
2
1 9501291
1 1167449
1 514340
2
1 6311494
1 5719285
1 5228407
1 9522639
1 882629
1 834876
1 4565128
1 7113787
1 7416270
1 3616647
1 1909540
1 1860421
1 9951141
1 5174418
2
1 919088
2
1 3543918
1 4286905
1 2013003
2
1 2947669
1 8935249
1 8393009
1 5941939
2
1 709714
1 7713396
1 5252285
1 9620050
1 7007741
1 6795314
2
1 7719145
1 6070880
2
1 4082173
1 6718433
1 6639863
1 5696087
1 2820798
2
1 8902071
1 5861544
1 2477824
1 2456926
1 2910830
1 1264218
1 8289908
1 9457911
1 7531380
1 9470600
1 5422534
1 5303930
1 1145653
1 5080483
1 9922377
2
1 5207779
1 630944
2
1 1287332
1 1514923
1 8507186
1 9736311
1 688246
1 9590807
1 5394323
1 8411547
1 1038068
1 5761929
1 1414808
1 2895058
2
1 7372274
1 2663319
1 4746166
1 5676858
1 878547
1 5614484
2
2
1 4767195
1 2522845
1 9776746
1 5869018
1 6575963
1 1421349
1 6319630
1 5510922
1 8831414
2
1 8531021
1 6083379
1 3593556
1 8158272
1 2307963
1 4962567
1 1696860
1 9055850
1 8833734
2
1 2198638
1 2587931
1 2777286
1 733037
1 3985095
1 4780297
1 7531761
1 4012581
1 7868776
1 3255051
1 9570049
1 7745704
1 6406756
1 7023963
1 3350371
1 2321942
1 875431
1 6227905
1 1721170
1 8655523
1 4782563
2
1 7538325
1 2472100
1 1538698
1 3725179
1 5865064
1 6960815
2
1 3955699
1 1369112
1 472908
1 1662338
1 5625238
1 2308538
2
1 7926478
1 2328554
1 7870361
1 88100
1 318832
1 2508522
1 8854536
1 4833542
1 2044276
2
1 7669093
2
1 8385742
1 275739
1 9647695
1 2408819
1 26245
1 4035998
1 3142605
1 1436363
1 6049927
2
1 8511546
1 8516493
1 6550726
1 730386
1 6262974
1 272499
1 1133461
1 1739191
1 5578736
1 5910597
1 2937508
1 7795078
1 8028420
1 2262450
2
1 7678589
2
1 3346548
1 5294819
1 8646701
1 9110543
1 614394
1 3206183
1 802018
1 5568772
1 6174337
1 6711251
1 6486822
1 3134272
1 8347057
1 8712003
1 1385991
1 1324175
1 3027557
1 5389033
1 5501583
1 5142147
1 7149041
1 7447546
1 710601
1 5914963
1 7297090
1 962308
2
1 6095349
1 2684131
1 2395441
1 7351320
2
2
1 6145971
1 9516785
2
1 7548448
1 6241348
1 1289923
1 8882862
1 5274512
1 4187788
1 434753
1 8372568
1 9423304
1 4366937
1 3599894
1 4791184
1 8240971
1 2277144
1 7584017
1 7467726
1 5361793
1 1089496
1 4871470
1 2642499
1 2920762
1 8535505
1 3371891
1 3971774
1 440972
1 9601221
1 9255099
1 1446455
2
1 8030667
1 6869154
1 1237331
1 5318841
1 7549319
1 8679860
1 9249336
1 3052834
1 2164813
1 929673
1 8692311
1 2762487
1 3782763
1 8705660
1 1323049
1 9241585
1 5080553
1 1567468
1 2829240
1 9741631
1 5664316
1 9455941
2
1 1362693
2
1 9676615
1 3536777
1 6989166
1 508113
1 9153271
1 5068298
1 6813102
1 1224284
1 2652149
1 8124385
1 5707484
1 5244264
1 5357240
1 5794356
1 2193891
1 8639932
1 5353876
1 2055576
1 4159388
1 849015
1 6444964
1 7015136
1 2679315
1 9691980
1 3184887
1 8359508
1 7831858
1 5176450
1 1510773
1 8479950
1 4038756
1 5920597
2
1 7895137
1 137194
1 7229768
1 4437118
1 6765480
1 6720644
2
1 6082139
1 1233658
1 7555692
1 4692934
1 1993318
1 1622046
1 5688907
1 6133857
1 3339637
1 6734157
1 760064
2
1 7948107
1 2498809
1 8648751
1 5344047
1 5020319
1 8511333
1 8931180
1 9444301
1 279121
1 1838859
1 9792896
1 447065
1 4454861
1 9705188
1 861596
1 2860717
1 6378535
1 4063384
2
1 1843740
1 7399399
1 2540594
1 3420734
1 7912226
1 1044906
1 8702060
1 5453426
1 8025733
